// NY.GDP.PCAP.CD
// GDP per capita (current US$)

// 2000

var data = {
	"AO": 655.62949,
	"AL": 1115.49392,
	"AD": 17334.27567,
	"AE": 34476.28542,
	"AR": 7701.35853,
	"AM": 621.42483,
	"AG": 10144.41314,
	"AU": 21678.49368,
	"AT": 23974.18307,
	"AZ": 655.09743,
	"BI": 130.42385,
	"BE": 22697.01230,
	"BJ": 339.47303,
	"BF": 224.92865,
	"BD": 355.97343,
	"BG": 1579.34824,
	"BH": 11927.90438,
	"BS": 21250.58185,
	"BA": 1435.95769,
	"BY": 1273.04912,
	"BZ": 3486.16432,
	"BM": 56284.16865,
	"BO": 988.53329,
	"BR": 3694.46267,
	"BB": 11675.21240,
	"BN": 18086.60407,
	"BT": 778.16645,
	"BW": 3297.47868,
	"CF": 251.35264,
	"CA": 23559.50369,
	"CH": 35639.47886,
	"CL": 5133.07731,
	"CN": 949.17806,
	"CI": 645.76568,
	"CM": 583.09486,
	"CD": 91.70108,
	"CG": 1029.97458,
	"CO": 2503.54949,
	"KM": 382.16032,
	"CV": 1366.91875,
	"CR": 4058.04453,
	"CU": 2744.12448,
	"CY": 13421.65542,
	"CZ": 5724.82486,
	"DE": 22945.70885,
	"DJ": 762.54084,
	"DM": 4656.55123,
	"DK": 29980.15547,
	"DO": 2769.88232,
	"DZ": 1727.33325,
	"EC": 1462.32021,
	"EG": 1509.58102,
	"ER": 179.31160,
	"ES": 14413.78887,
	"EE": 4143.93027,
	"ET": 122.65704,
	"FI": 23529.53846,
	"FJ": 2074.92881,
	"FR": 21774.94473,
	"FO": 22850.44296,
	"FM": 2170.96084,
	"GA": 4135.25406,
	"GB": 25361.93964,
	"GE": 691.99771,
	"GH": 264.69270,
	"GN": 342.47852,
	"GM": 637.10427,
	"GW": 284.18720,
	"GQ": 2398.49330,
	"GR": 11396.23262,
	"GD": 5149.14736,
	"GL": 19004.00345,
	"GT": 1721.72898,
	"GY": 957.28098,
	"HK": 25756.66378,
	"HN": 1139.51916,
	"HR": 4861.67751,
	"HT": 427.18628,
	"HU": 4542.72072,
	"ID": 789.80588,
	"IM": 20358.66729,
	"IN": 457.28354,
	"IE": 25578.73097,
	"IR": 1536.71519,
	"IQ": 1086.38029,
	"IS": 30928.67564,
	"IL": 19859.30215,
	"IT": 19388.27875,
	"JM": 3479.05675,
	"JO": 1763.16947,
	"JP": 37291.70616,
	"KZ": 1229.00096,
	"KE": 406.11571,
	"KG": 279.62027,
	"KH": 298.95036,
	"KI": 815.48914,
	"KN": 9146.47274,
	"KR": 11346.66499,
	"KW": 19786.69504,
	"LA": 321.28948,
	"LB": 5334.88024,
	"LR": 182.94277,
	"LY": 6548.56827,
	"LC": 4870.73969,
	"LI": 75057.88516,
	"LK": 854.92673,
	"LS": 415.46722,
	"LT": 3267.34744,
	"LU": 46453.24578,
	"LV": 3300.93466,
	"MO": 14127.56667,
	"MA": 1275.88035,
	"MC": 82537.44647,
	"MD": 354.00167,
	"MG": 246.28264,
	"MV": 2289.08740,
	"MX": 6663.65243,
	"MH": 2126.83287,
	"MK": 1747.88427,
	"ML": 236.09611,
	"MT": 10377.03732,
	"ME": 1610.41564,
	"MN": 474.20603,
	"MZ": 235.83831,
	"MR": 477.69870,
	"MU": 3861.03854,
	"MW": 153.99964,
	"MY": 4004.54596,
	"NA": 2059.37561,
	"NC": 12579.59511,
	"NE": 163.64011,
	"NG": 377.50026,
	"NI": 1001.25644,
	"NL": 24179.73141,
	"NO": 37472.67167,
	"NP": 236.98284,
	"NZ": 13474.70926,
	"OM": 9061.60246,
	"PK": 514.15796,
	"PA": 3803.99841,
	"PE": 2049.62409,
	"PH": 1043.45610,
	"PW": 8261.64652,
	"PG": 654.61986,
	"PL": 4454.08022,
	"PR": 16192.17946,
	"PT": 11470.89792,
	"PY": 1531.88890,
	"PS": 1407.61323,
	"PF": 14530.22602,
	"QA": 29914.26478,
	"RO": 1650.96842,
	"RU": 1775.14129,
	"RW": 206.64907,
	"SA": 9354.46792,
	"SD": 356.49527,
	"SN": 474.52416,
	"SG": 23814.55661,
	"SB": 1055.21036,
	"SL": 153.60177,
	"SV": 2204.15406,
	"SM": 28696.19350,
	"RS": 809.27508,
	"ST": 550.17145,
	"SR": 1911.77532,
	"SK": 5330.40162,
	"SI": 10045.36008,
	"SE": 27869.37760,
	"SZ": 1433.17539,
	"SC": 7578.82895,
	"SY": 1180.48069,
	"TD": 166.85135,
	"TG": 266.04645,
	"TH": 1968.53699,
	"TJ": 139.10914,
	"TM": 645.27710,
	"TL": 410.15247,
	"TO": 1925.47374,
	"TT": 6430.94978,
	"TN": 2245.33506,
	"TR": 4219.54434,
	"TV": 1458.94963,
	"TZ": 308.14409,
	"UG": 255.12186,
	"UA": 635.70897,
	"UY": 6872.73369,
	"US": 36467.29543,
	"UZ": 558.22114,
	"VC": 3683.57792,
	"VE": 4799.64602,
	"VN": 433.33371,
	"VU": 1469.88886,
	"WS": 1372.73639,
	"YE": 549.93990,
	"ZA": 3019.94637,
	"ZM": 322.10255,
	"ZW": 535.04029
};
